function k=Total_Loan_Revenue(x)
    Interest=[0.021 0.022 0.021 0.027 0.025 0.026 0.023 0.021 0.028 0.022];
    lambda=[0.0002 0.0058 0.0001 0.0003 0.0024 0.0002 0.0058 0.0002 0.001 0.001];
    L=[10 25 4 11 18 3 17 15 9 10];
    k=(Interest.*L-lambda)*x.';
end